PI = 3.141592;

COS_20  = 0.939693;
COS_25  = 0.93969262;
COS_30  = 0.819152;
COS_50  = 0.64278761;
COS_60  = 0.5;
COS_70  = 0.342020;
COS_90  = 0.0;
COS_100 = -0.17364818;
COS_110 = -0.34202014;
COS_120 = -0.5;

SECONDS_TO_MILLISECONDS = 1000;
MILLISECONDS_TO_SECONDS = 0.001;

FRAME             = 0.05;
FRAMES_PER_SECOND = 20;

EPSILON = 0.1;

INT_MAX = 2147483647;

SPEED_OF_SOUND = 58346;
